

tic
clear all
close all
clc
 
span = 42.4;                    % wing span
c = 6;                          % mean aerodynamic chord
Sw = 222;                       % reference surface (wing surface)

V = 27.778;                     % reference speed
ro = 1.225;                     % air density
AL = 0*pi/180;                  % angle of attack
BETA = 0*pi/180;                % sideslip angle
Vx = V*cos(AL)*cos(BETA);
Vy = V*sin(BETA);
Vz = V*cos(BETA)*sin(AL);


farpoint = 1000;                % farpoint distance for trailing wake
error = 0.000001;               % minimal distance (error)
farfieldfaktor = 5;             % "far field" distance in longer panel diagonal

// komp - components ID                                      
//M1 - lateral number of nodes                              
//N1 - longitudinal number of nodes                         
//x,y,z - panel coordinates (nodes)                         
//lift - 1 for lifting component, 0 for non-lifting        
//komp = 0;

% left wing
komp = komp+1;
M1(komp) = 6;
N1(komp) = 25;
x(1:N1(komp),1:M1(komp),komp) = [7.13329656669040,6.97852426678375,6.57332512511115,6.07247144157925,5.66727229990665,5.51250000000000;7.08928781123905,6.92676027115049,6.50125764709073,5.97530747914832,5.54980485508856,5.38727731500000;6.96051778447303,6.77522851322873,6.29013490336048,5.69052622611255,5.20543261624429,5.02014334500000;6.75639747692291,6.53483045402581,5.95476045729508,5.23775450962783,4.65768451289710,4.43611749000000;6.49049029298218,6.22163489375123,5.51776232050568,4.64772797247649,3.94385539923095,3.67500000000000;6.18012314862116,5.85626728930126,5.00840164214597,3.96038206647518,3.11251641931990,2.78866056000000;5.84521564623371,5.46251285632958,4.46058394477115,3.22213170146256,2.22020278990413,1.83750000000000;5.50905975235823,5.06762931283541,3.91194941849585,2.48345050886238,1.32777061452282,0.886340175000000;5.19487226212312,4.69880610289387,3.40008803736309,1.79478422476002,0.496066159229244,0;4.92421344647257,4.38131265136225,2.95997991724411,1.20311603922846,-0.218216694889687,-0.761117490000000;4.71565655815531,4.13690166715699,2.62170169136817,0.748811521787141,-0.766388454001686,-1.34514334500000;4.58369034209323,3.98247892885834,2.40848701458503,0.462926012508200,-1.11106590176511,-1.71227731500000;4.53685977632851,3.92816258181918,2.33457263773705,0.364787138591455,-1.22880280549067,-1.83750000000000;4.57850071704593,3.97778486890584,2.40509036089436,0.461133041151576,-1.11156146685991,-1.71227731500000;4.70591957491572,4.12809448307982,2.61532875310089,0.745447476814838,-0.767318253164094,-1.34514334500000;4.90998478631127,4.36844270734277,2.95066713826495,1.19820015804632,-0.219575411031498,-0.761117490000000;5.17706568571484,4.68269990322677,3.38843348179806,1.78863220391678,0.494365782488072,0;5.48908941701600,5.04956597482667,3.89887866432267,2.47655092769332,1.32586361718932,0.886340175000000;5.82494069678519,5.44417399227335,4.44731381807705,3.21512687870814,2.21826670451185,1.83750000000000;6.16204088732978,5.83991173031485,4.99656664848240,3.95413479884738,3.11078971701493,2.78866056000000;6.47788444521767,6.21023279733398,5.50951168602957,4.64337275918811,3.94265164788369,3.67500000000000;6.74971697633106,6.52878788447502,5.95038801289226,5.23544645343881,4.65704658185604,4.43611749000000;6.95821876849375,6.77314903374031,6.28863017786687,5.68973193562688,5.20521307975344,5.02014334500000;7.08883381565959,6.92634962829118,6.50096050312629,5.97515062753331,5.54976150236841,5.38727731500000;7.13329656669040,6.97852426678375,6.57332512511115,6.07247144157925,5.66727229990665,5.51250000000000;];
y(1:N1(komp),1:M1(komp),komp) = [-21.2000000000000,-19.4620546488120,-14.9120546488120,-9.28794535118798,-4.73794535118798,-3;-21.2000000000000,-19.4620542475926,-14.9120531971864,-9.28794260118895,-4.73794155078278,-2.99999579837536;-21.2000000000000,-19.4620542972928,-14.9120533770034,-9.28794294183922,-4.73794202154989,-2.99999631884266;-21.2000000000000,-19.4619217007316,-14.9115736381382,-9.28703411148833,-4.73668604889496,-2.99860774962653;-21.2000000000000,-19.4612057869930,-14.9089834378989,-9.28212716572482,-4.72990481663074,-2.99111060362369;-21.2000000000000,-19.4598502798909,-14.9040791671315,-9.27283638183105,-4.71706526907168,-2.97691554896254;-21.2000000000000,-19.4590858452559,-14.9013134166400,-9.26759686889640,-4.70982444028049,-2.96891028553637;-21.2000000000000,-19.4590651826357,-14.9012386585777,-9.26745524519054,-4.70962872113260,-2.96869390376826;-21.2000000000000,-19.4595761333833,-14.9030872957492,-9.27095735371451,-4.71446851608044,-2.97404464946373;-21.2000000000000,-19.4603681296863,-14.9059527652924,-9.27638577713213,-4.72197041273826,-2.98233854242454;-21.2000000000000,-19.4611742943556,-14.9088694964666,-9.28191131197728,-4.72960651408825,-2.99078080844386;-21.2000000000000,-19.4617466243435,-14.9109402058154,-9.28583412007234,-4.73502770154427,-2.99677432588772;-21.2000000000000,-19.4620546488120,-14.9120546488120,-9.28794535118798,-4.73794535118798,-3;-21.2000000000000,-19.4616018970938,-14.9104165777069,-9.28484214474573,-4.73365682535889,-2.99525872245267;-21.2000000000000,-19.4601825741013,-14.9052814188791,-9.27511396023224,-4.72021280501009,-2.98039537911139;-21.2000000000000,-19.4577501717704,-14.8964809045718,-9.25844202663362,-4.69717275943497,-2.95492293120542;-21.2000000000000,-19.4550122173701,-14.8865748924916,-9.23967580799461,-4.67123848311616,-2.92625070048625;-21.2000000000000,-19.4529401637254,-14.8790781319786,-9.22547374103428,-4.65161170928750,-2.90455187301289;-21.2000000000000,-19.4524526047548,-14.8773141270515,-9.22213196213527,-4.64699348443196,-2.89944608918675;-21.2000000000000,-19.4541573613453,-14.8834819943386,-9.23381653763457,-4.66314117062788,-2.91729853197322;-21.2000000000000,-19.4577881612704,-14.8966183518737,-9.25870241053974,-4.69753260114310,-2.95532076241347;-21.2000000000000,-19.4605748598795,-14.9067007221579,-9.27780272695571,-4.72392858923410,-2.98450344911356;-21.2000000000000,-19.4617779660048,-14.9110536010114,-9.28604893901496,-4.73532457402154,-2.99710254002634;-21.2000000000000,-19.4620382747079,-14.9119954067468,-9.28783312140881,-4.73779025344772,-2.99982852815563;-21.2000000000000,-19.4620546488120,-14.9120546488120,-9.28794535118798,-4.73794535118798,-3;];
z(1:N1(komp),1:M1(komp),komp) = [-3.91893678709257,-3.78344038089712,-3.42870618412398,-2.99023060296859,-2.63549640619545,-2.50000000000000;-3.92558646053853,-3.78901738554903,-3.43147490541440,-2.98952809512413,-2.63198561498950,-2.49541654000000;-3.94998590161075,-3.81193424597688,-3.45051031932419,-3.00376577728657,-2.64234185063388,-2.50429019500000;-4.00260005896907,-3.86708066110530,-3.51228627136303,-3.07373628760604,-2.71894189786377,-2.58342250000000;-4.07322211078005,-3.94310681418389,-3.60246054523888,-3.18139860054117,-2.84075233159616,-2.71063703500000;-4.14187936444657,-4.01746099984116,-3.69172949247952,-3.28910320696705,-2.96337169960541,-2.83895333500000;-4.18040807109036,-4.05747554885971,-3.73563402733712,-3.33781602875324,-3.01597450723065,-2.89304198500000;-4.19511108120740,-4.07090411027074,-3.74572603871889,-3.34378383748851,-3.01860576593666,-2.89439879500000;-4.19087676095969,-4.06372336964758,-3.73083146940766,-3.31935445155203,-2.98646255131211,-2.85930916000000;-4.17083227862594,-4.03960860424556,-3.69606056458908,-3.27141183403687,-2.92786379438038,-2.79664012000000;-4.13879143194026,-4.00278386165463,-3.64671141991957,-3.20658167702069,-2.85050923528563,-2.71450166500000;-4.10220394817471,-3.96133035710274,-3.59251850755906,-3.13664199061565,-2.76783014107197,-2.62695655000000;-4.05501027332422,-3.90652000543558,-3.51776743710452,-3.03724283621970,-2.64849026788865,-2.50000000000000;-4.00318000328918,-3.84494334742356,-3.43067440410127,-2.91860982918791,-2.50434088586561,-2.34610423000000;-3.95299872381969,-3.78441126932080,-3.34304358336588,-2.79748312045382,-2.35611543449889,-2.18752798000000;-3.89933326920496,-3.72057928126506,-3.25259526521382,-2.67413520899114,-2.20615119293990,-2.02739720500000;-3.85110704257293,-3.66453029920663,-3.17606604356340,-2.57229101900953,-2.08382676336630,-1.89725002000000;-3.81405438284238,-3.62323802346458,-3.12367430900399,-2.50617959883840,-2.00661588437780,-1.81579952500000;-3.79353898932643,-3.60299187144130,-3.10413304035969,-2.48750961396674,-1.98865078288513,-1.79810366500000;-3.79684926512254,-3.61211576056954,-3.12847716678890,-2.53066698833363,-2.04702839455300,-1.86229489000000;-3.83268820652092,-3.66049604063713,-3.20969109775690,-2.65246554376402,-2.20166060088379,-2.02946843500000;-3.87512851403361,-3.71727589722869,-3.30401238122029,-2.79319058281333,-2.37992706680492,-2.22207445000000;-3.90611806346287,-3.76035540434326,-3.37874380847754,-2.90704593498533,-2.52543433911962,-2.37967168000000;-3.91692370883116,-3.77882352468098,-3.41727254872319,-2.97037096510797,-2.60881998915018,-2.47071980500000;-3.91893678709257,-3.78344038089712,-3.42870618412398,-2.99023060296859,-2.63549640619545,-2.50000000000000;];
lift(komp) = 1;

% right wing
komp = komp+1;
M1(komp) = 6;
N1(komp) = 25;
x(1:N1(komp),1:M1(komp),komp) = [5.51250000000000,5.66727229990665,6.07247144157925,6.57332512511115,6.97852426678375,7.13329656669040;5.38727731500000,5.54980485508856,5.97530747914832,6.50125764709073,6.92676027115049,7.08928781123905;5.02014334500000,5.20543261624429,5.69052622611255,6.29013490336048,6.77522851322873,6.96051778447303;4.43611749000000,4.65768451289710,5.23775450962783,5.95476045729508,6.53483045402581,6.75639747692291;3.67500000000000,3.94385539923095,4.64772797247649,5.51776232050568,6.22163489375123,6.49049029298218;2.78866056000000,3.11251641931990,3.96038206647518,5.00840164214597,5.85626728930126,6.18012314862116;1.83750000000000,2.22020278990413,3.22213170146256,4.46058394477115,5.46251285632958,5.84521564623371;0.886340175000000,1.32777061452282,2.48345050886238,3.91194941849585,5.06762931283541,5.50905975235823;0,0.496066159229244,1.79478422476002,3.40008803736309,4.69880610289387,5.19487226212312;-0.761117490000000,-0.218216694889687,1.20311603922846,2.95997991724411,4.38131265136225,4.92421344647257;-1.34514334500000,-0.766388454001686,0.748811521787141,2.62170169136817,4.13690166715699,4.71565655815531;-1.71227731500000,-1.11106590176511,0.462926012508200,2.40848701458503,3.98247892885834,4.58369034209323;-1.83750000000000,-1.22880280549067,0.364787138591455,2.33457263773705,3.92816258181918,4.53685977632851;-1.71227731500000,-1.11156146685991,0.461133041151576,2.40509036089436,3.97778486890584,4.57850071704593;-1.34514334500000,-0.767318253164094,0.745447476814838,2.61532875310089,4.12809448307982,4.70591957491572;-0.761117490000000,-0.219575411031498,1.19820015804632,2.95066713826495,4.36844270734277,4.90998478631127;0,0.494365782488072,1.78863220391678,3.38843348179806,4.68269990322677,5.17706568571484;0.886340175000000,1.32586361718932,2.47655092769332,3.89887866432267,5.04956597482667,5.48908941701600;1.83750000000000,2.21826670451185,3.21512687870814,4.44731381807705,5.44417399227335,5.82494069678519;2.78866056000000,3.11078971701493,3.95413479884738,4.99656664848240,5.83991173031485,6.16204088732978;3.67500000000000,3.94265164788369,4.64337275918811,5.50951168602957,6.21023279733398,6.47788444521767;4.43611749000000,4.65704658185604,5.23544645343881,5.95038801289226,6.52878788447502,6.74971697633106;5.02014334500000,5.20521307975344,5.68973193562688,6.28863017786687,6.77314903374031,6.95821876849375;5.38727731500000,5.54976150236841,5.97515062753331,6.50096050312629,6.92634962829118,7.08883381565959;5.51250000000000,5.66727229990665,6.07247144157925,6.57332512511115,6.97852426678375,7.13329656669040;];
y(1:N1(komp),1:M1(komp),komp) = [3,4.73794535118798,9.28794535118798,14.9120546488120,19.4620546488120,21.2000000000000;2.99999579837536,4.73794155078278,9.28794260118895,14.9120531971864,19.4620542475926,21.2000000000000;2.99999631884266,4.73794202154989,9.28794294183922,14.9120533770034,19.4620542972928,21.2000000000000;2.99860774962653,4.73668604889496,9.28703411148833,14.9115736381382,19.4619217007316,21.2000000000000;2.99111060362369,4.72990481663074,9.28212716572482,14.9089834378989,19.4612057869930,21.2000000000000;2.97691554896254,4.71706526907168,9.27283638183105,14.9040791671315,19.4598502798909,21.2000000000000;2.96891028553637,4.70982444028049,9.26759686889640,14.9013134166400,19.4590858452559,21.2000000000000;2.96869390376826,4.70962872113260,9.26745524519053,14.9012386585777,19.4590651826357,21.2000000000000;2.97404464946373,4.71446851608044,9.27095735371451,14.9030872957492,19.4595761333833,21.2000000000000;2.98233854242454,4.72197041273826,9.27638577713212,14.9059527652924,19.4603681296863,21.2000000000000;2.99078080844386,4.72960651408825,9.28191131197728,14.9088694964666,19.4611742943556,21.2000000000000;2.99677432588772,4.73502770154427,9.28583412007233,14.9109402058154,19.4617466243435,21.2000000000000;3,4.73794535118798,9.28794535118798,14.9120546488120,19.4620546488120,21.2000000000000;2.99525872245267,4.73365682535889,9.28484214474572,14.9104165777069,19.4616018970938,21.2000000000000;2.98039537911139,4.72021280501009,9.27511396023224,14.9052814188791,19.4601825741013,21.2000000000000;2.95492293120542,4.69717275943497,9.25844202663362,14.8964809045718,19.4577501717704,21.2000000000000;2.92625070048625,4.67123848311616,9.23967580799460,14.8865748924916,19.4550122173701,21.2000000000000;2.90455187301289,4.65161170928750,9.22547374103428,14.8790781319786,19.4529401637254,21.2000000000000;2.89944608918675,4.64699348443196,9.22213196213527,14.8773141270515,19.4524526047548,21.2000000000000;2.91729853197322,4.66314117062788,9.23381653763457,14.8834819943386,19.4541573613453,21.2000000000000;2.95532076241347,4.69753260114310,9.25870241053973,14.8966183518737,19.4577881612704,21.2000000000000;2.98450344911356,4.72392858923410,9.27780272695571,14.9067007221579,19.4605748598795,21.2000000000000;2.99710254002634,4.73532457402154,9.28604893901495,14.9110536010114,19.4617779660048,21.2000000000000;2.99982852815563,4.73779025344772,9.28783312140881,14.9119954067468,19.4620382747079,21.2000000000000;3,4.73794535118798,9.28794535118798,14.9120546488120,19.4620546488120,21.2000000000000;];
z(1:N1(komp),1:M1(komp),komp) = [-2.50000000000000,-2.63549640619545,-2.99023060296859,-3.42870618412398,-3.78344038089712,-3.91893678709257;-2.49541654000000,-2.63198561498950,-2.98952809512413,-3.43147490541440,-3.78901738554903,-3.92558646053853;-2.50429019500000,-2.64234185063388,-3.00376577728657,-3.45051031932419,-3.81193424597688,-3.94998590161075;-2.58342250000000,-2.71894189786377,-3.07373628760604,-3.51228627136303,-3.86708066110530,-4.00260005896907;-2.71063703500000,-2.84075233159616,-3.18139860054117,-3.60246054523888,-3.94310681418389,-4.07322211078005;-2.83895333500000,-2.96337169960541,-3.28910320696705,-3.69172949247952,-4.01746099984116,-4.14187936444657;-2.89304198500000,-3.01597450723065,-3.33781602875324,-3.73563402733712,-4.05747554885971,-4.18040807109036;-2.89439879500000,-3.01860576593666,-3.34378383748851,-3.74572603871889,-4.07090411027074,-4.19511108120740;-2.85930916000000,-2.98646255131211,-3.31935445155203,-3.73083146940766,-4.06372336964758,-4.19087676095969;-2.79664012000000,-2.92786379438038,-3.27141183403687,-3.69606056458908,-4.03960860424556,-4.17083227862594;-2.71450166500000,-2.85050923528563,-3.20658167702069,-3.64671141991957,-4.00278386165463,-4.13879143194026;-2.62695655000000,-2.76783014107197,-3.13664199061565,-3.59251850755906,-3.96133035710274,-4.10220394817471;-2.50000000000000,-2.64849026788865,-3.03724283621970,-3.51776743710452,-3.90652000543558,-4.05501027332422;-2.34610423000000,-2.50434088586561,-2.91860982918791,-3.43067440410127,-3.84494334742356,-4.00318000328918;-2.18752798000000,-2.35611543449889,-2.79748312045382,-3.34304358336588,-3.78441126932080,-3.95299872381969;-2.02739720500000,-2.20615119293990,-2.67413520899114,-3.25259526521382,-3.72057928126506,-3.89933326920496;-1.89725002000000,-2.08382676336630,-2.57229101900953,-3.17606604356340,-3.66453029920663,-3.85110704257293;-1.81579952500000,-2.00661588437780,-2.50617959883840,-3.12367430900399,-3.62323802346458,-3.81405438284238;-1.79810366500000,-1.98865078288513,-2.48750961396674,-3.10413304035969,-3.60299187144130,-3.79353898932643;-1.86229489000000,-2.04702839455300,-2.53066698833363,-3.12847716678890,-3.61211576056954,-3.79684926512254;-2.02946843500000,-2.20166060088379,-2.65246554376402,-3.20969109775690,-3.66049604063713,-3.83268820652092;-2.22207445000000,-2.37992706680492,-2.79319058281333,-3.30401238122029,-3.71727589722869,-3.87512851403361;-2.37967168000000,-2.52543433911962,-2.90704593498533,-3.37874380847754,-3.76035540434326,-3.90611806346287;-2.47071980500000,-2.60881998915018,-2.97037096510797,-3.41727254872319,-3.77882352468098,-3.91692370883116;-2.50000000000000,-2.63549640619545,-2.99023060296859,-3.42870618412398,-3.78344038089712,-3.91893678709257;];
lift(komp) = 1;

% left wingtip
komp = komp+1;
M1(komp) = 5;
N1(komp) = 13;
x(1:N1(komp),1:M1(komp),komp) = [4.53685977632851,4.53685977632851,4.53685977632851,4.53685977632851,4.53685977632851;4.58369034209323,4.59265941690159,4.59484966482031,4.58898292443362,4.57850071704593;4.71565655815531,4.73248909784151,4.73659236310312,4.72557981472638,4.70591957491572;4.92421344647257,4.94881609127009,4.95480283288253,4.93870324065962,4.90998478631127;5.19487226212312,5.22566482033173,5.23314687070535,5.21299274898575,5.17706568571484;5.50905975235823,5.54359334890934,5.55197647390654,5.52937040817974,5.48908941701600;5.84521564623371,5.88027000491586,5.88877739006519,5.86582854081719,5.82494069678519;6.18012314862116,6.21137536349595,6.21896524443814,6.19850582846328,6.16204088732978;6.49049029298218,6.51226470921181,6.51756310219123,6.50331047395272,6.47788444521767;6.75639747692291,6.76793005866754,6.77074227595065,6.76319484155590,6.74971697633106;6.96051778447303,6.96448483436930,6.96545371923947,6.96285783566528,6.95821876849375;7.08928781123905,7.09007103493553,7.09026244734988,7.08974995898042,7.08883381565959;7.13329656669040,7.13329656669040,7.13329656669040,7.13329656669040,7.13329656669040;];
y(1:N1(komp),1:M1(komp),komp) = [-21.2000000000000,-21.2000000000000,-21.2000000000000,-21.2000000000000,-21.2000000000000;-21.2000000000000,-21.2350582976427,-21.2495799200000,-21.2350582976427,-21.2000000000000;-21.2000000000000,-21.2657777880760,-21.2930238400000,-21.2657777880760,-21.2000000000000;-21.2000000000000,-21.2961211259860,-21.3359358000000,-21.2961211259860,-21.2000000000000;-21.2000000000000,-21.3202915914019,-21.3701180000000,-21.3202915914019,-21.2000000000000;-21.2000000000000,-21.3349087755034,-21.3907898200000,-21.3349087755034,-21.2000000000000;-21.2000000000000,-21.3369665835158,-21.3937000000000,-21.3369665835158,-21.2000000000000;-21.2000000000000,-21.3221539692422,-21.3727518000000,-21.3221539692422,-21.2000000000000;-21.2000000000000,-21.2851582838719,-21.3204320000000,-21.2851582838719,-21.2000000000000;-21.2000000000000,-21.2451298458013,-21.2638232400000,-21.2451298458013,-21.2000000000000;-21.2000000000000,-21.2155309074841,-21.2219640200000,-21.2155309074841,-21.2000000000000;-21.2000000000000,-21.2030669483842,-21.2043373200000,-21.2030669483842,-21.2000000000000;-21.2000000000000,-21.2000000000000,-21.2000000000000,-21.2000000000000,-21.2000000000000;];
z(1:N1(komp),1:M1(komp),komp) = [-4.05501027332422,-4.05501027332422,-4.05501027332422,-4.05501027332422,-4.05501027332422;-4.10220394817471,-4.09061294096940,-4.05680860148980,-4.02059279859918,-4.00318000328918;-4.13879143194026,-4.11701973456020,-4.05358507590946,-3.98564572105857,-3.95299872381969;-4.17083227862594,-4.13896132719356,-4.04624164744719,-3.94698525135126,-3.89933326920496;-4.19087676095969,-4.15090060331474,-4.03482869857619,-3.91065138592621,-3.85110704257293;-4.19511108120740,-4.15015867348633,-4.01993363972940,-3.88071625145842,-3.81405438284238;-4.18040807109036,-4.13464108995789,-4.00237635852321,-3.86108885707597,-3.79353898932643;-4.14187936444657,-4.10094731909429,-3.98293883860494,-3.85697858364952,-3.79684926512254;-4.07322211078005,-4.04461259605899,-3.96231290503818,-3.87453157148857,-3.83268820652092;-4.00260005896907,-3.98740466499300,-3.94377539859789,-3.89726926879871,-3.87512851403361;-3.94998590161075,-3.94474768047551,-3.92972939598133,-3.91372850536820,-3.90611806346287;-3.92558646053853,-3.92455094061075,-3.92158475493284,-3.91842545289173,-3.91692370883116;-3.91893678709257,-3.91893678709257,-3.91893678709257,-3.91893678709257,-3.91893678709257;];
lift(komp) = 0;

% right wingtip
komp = komp+1;
M1(komp) = 5;
N1(komp) = 13;
x(1:N1(komp),1:M1(komp),komp) = [4.53685977632851,4.53685977632851,4.53685977632851,4.53685977632851,4.53685977632851;4.57850071704593,4.58898292443362,4.59484966482031,4.59265941690159,4.58369034209323;4.70591957491572,4.72557981472638,4.73659236310312,4.73248909784151,4.71565655815531;4.90998478631127,4.93870324065962,4.95480283288253,4.94881609127009,4.92421344647257;5.17706568571484,5.21299274898575,5.23314687070535,5.22566482033173,5.19487226212312;5.48908941701600,5.52937040817974,5.55197647390654,5.54359334890934,5.50905975235823;5.82494069678519,5.86582854081719,5.88877739006519,5.88027000491586,5.84521564623371;6.16204088732978,6.19850582846328,6.21896524443814,6.21137536349595,6.18012314862116;6.47788444521767,6.50331047395272,6.51756310219123,6.51226470921181,6.49049029298218;6.74971697633106,6.76319484155590,6.77074227595065,6.76793005866754,6.75639747692291;6.95821876849375,6.96285783566528,6.96545371923947,6.96448483436930,6.96051778447303;7.08883381565959,7.08974995898042,7.09026244734988,7.09007103493553,7.08928781123905;7.13329656669040,7.13329656669040,7.13329656669040,7.13329656669040,7.13329656669040;];
y(1:N1(komp),1:M1(komp),komp) = [21.2000000000000,21.2000000000000,21.2000000000000,21.2000000000000,21.2000000000000;21.2000000000000,21.2350582976427,21.2495799200000,21.2350582976427,21.2000000000000;21.2000000000000,21.2657777880760,21.2930238400000,21.2657777880760,21.2000000000000;21.2000000000000,21.2961211259860,21.3359358000000,21.2961211259860,21.2000000000000;21.2000000000000,21.3202915914019,21.3701180000000,21.3202915914019,21.2000000000000;21.2000000000000,21.3349087755034,21.3907898200000,21.3349087755034,21.2000000000000;21.2000000000000,21.3369665835158,21.3937000000000,21.3369665835158,21.2000000000000;21.2000000000000,21.3221539692422,21.3727518000000,21.3221539692422,21.2000000000000;21.2000000000000,21.2851582838719,21.3204320000000,21.2851582838719,21.2000000000000;21.2000000000000,21.2451298458013,21.2638232400000,21.2451298458013,21.2000000000000;21.2000000000000,21.2155309074841,21.2219640200000,21.2155309074841,21.2000000000000;21.2000000000000,21.2030669483842,21.2043373200000,21.2030669483842,21.2000000000000;21.2000000000000,21.2000000000000,21.2000000000000,21.2000000000000,21.2000000000000;];
z(1:N1(komp),1:M1(komp),komp) = [-4.05501027332422,-4.05501027332422,-4.05501027332422,-4.05501027332422,-4.05501027332422;-4.00318000328918,-4.02059279859918,-4.05680860148980,-4.09061294096940,-4.10220394817471;-3.95299872381969,-3.98564572105857,-4.05358507590946,-4.11701973456020,-4.13879143194026;-3.89933326920496,-3.94698525135126,-4.04624164744719,-4.13896132719356,-4.17083227862594;-3.85110704257293,-3.91065138592621,-4.03482869857619,-4.15090060331474,-4.19087676095969;-3.81405438284238,-3.88071625145842,-4.01993363972940,-4.15015867348633,-4.19511108120740;-3.79353898932643,-3.86108885707597,-4.00237635852321,-4.13464108995789,-4.18040807109036;-3.79684926512254,-3.85697858364952,-3.98293883860494,-4.10094731909429,-4.14187936444657;-3.83268820652092,-3.87453157148857,-3.96231290503818,-4.04461259605899,-4.07322211078005;-3.87512851403361,-3.89726926879871,-3.94377539859789,-3.98740466499300,-4.00260005896907;-3.90611806346287,-3.91372850536820,-3.92972939598133,-3.94474768047551,-3.94998590161075;-3.91692370883116,-3.91842545289173,-3.92158475493284,-3.92455094061075,-3.92558646053853;-3.91893678709257,-3.91893678709257,-3.91893678709257,-3.91893678709257,-3.91893678709257;];
lift(komp) = 0;

% fuselage above wings
komp = komp+1;
M1(komp) = 8;
N1(komp) = 13;
x(1:N1(komp),1:M1(komp),komp) = [-1.83750000000000,-1.83750000000000,-1.83750000000000,-1.83750000000000,-1.83750000000000,-1.83750000000000,-1.83750000000000,-1.83750000000000;-1.71227731500000,-1.71227731500000,-1.71227731500000,-1.71227731500000,-1.71227731500000,-1.71227731500000,-1.71227731500000,-1.71227731500000;-1.34514334500000,-1.34514334500000,-1.34514334500000,-1.34514334500000,-1.34514334500000,-1.34514334500000,-1.34514334500000,-1.34514334500000;-0.761117490000000,-0.761117490000000,-0.761117490000000,-0.761117490000000,-0.761117490000000,-0.761117490000000,-0.761117490000000,-0.761117490000000;0,0,0,0,0,0,0,0;0.886340175000000,0.886340175000000,0.886340175000000,0.886340175000000,0.886340175000000,0.886340175000000,0.886340175000000,0.886340175000000;1.83750000000000,1.83750000000000,1.83750000000000,1.83750000000000,1.83750000000000,1.83750000000000,1.83750000000000,1.83750000000000;2.78866056000000,2.78866056000000,2.78866056000000,2.78866056000000,2.78866056000000,2.78866056000000,2.78866056000000,2.78866056000000;3.67500000000000,3.67500000000000,3.67500000000000,3.67500000000000,3.67500000000000,3.67500000000000,3.67500000000000,3.67500000000000;4.43611749000000,4.43611749000000,4.43611749000000,4.43611749000000,4.43611749000000,4.43611749000000,4.43611749000000,4.43611749000000;5.02014334500000,5.02014334500000,5.02014334500000,5.02014334500000,5.02014334500000,5.02014334500000,5.02014334500000,5.02014334500000;5.38727731500000,5.38727731500000,5.38727731500000,5.38727731500000,5.38727731500000,5.38727731500000,5.38727731500000,5.38727731500000;5.51250000000000,5.51250000000000,5.51250000000000,5.51250000000000,5.51250000000000,5.51250000000000,5.51250000000000,5.51250000000000;];
y(1:N1(komp),1:M1(komp),komp) = [-3,-2.94484419116420,-2.26776695296637,-0.500000000000000,0.500000000000000,2.26776695296637,2.94484419116419,3;-2.99525872245267,-2.91352072523590,-2.21249241969125,-0.500000000000000,0.500000000000000,2.21249241969125,2.91352072523590,2.99525872245267;-2.98039537911139,-2.87389406513651,-2.15360514482751,-0.500000000000000,0.500000000000000,2.15360514482751,2.87389406513651,2.98039537911139;-2.95492293120542,-2.82612953754441,-2.09193169019591,-0.500000000000000,0.500000000000000,2.09193169019591,2.82612953754441,2.95492293120542;-2.92625070048625,-2.78137145367609,-2.03998783274414,-0.500000000000000,0.500000000000000,2.03998783274414,2.78137145367609,2.92625070048625;-2.90455187301289,-2.75054767358550,-2.00656875257985,-0.500000000000000,0.500000000000000,2.00656875257985,2.75054767358550,2.90455187301289;-2.89944608918675,-2.74355658171972,-1.99920965220012,-0.500000000000000,0.500000000000000,1.99920965220012,2.74355658171972,2.89944608918675;-2.91729853197322,-2.76841359073281,-2.02573543332388,-0.500000000000000,0.500000000000000,2.02573543332388,2.76841359073281,2.91729853197322;-2.95532076241347,-2.82679818189903,-2.09274465742316,-0.500000000000000,0.500000000000000,2.09274465742315,2.82679818189903,2.95532076241347;-2.98450344911356,-2.88316972209545,-2.16661125116207,-0.500000000000000,0.500000000000000,2.16661125116207,2.88316972209545,2.98450344911356;-2.99710254002634,-2.92094823823330,-2.22469985794630,-0.500000000000000,0.500000000000000,2.22469985794630,2.92094823823330,2.99710254002634;-2.99982852815563,-2.93942131406045,-2.25738435074687,-0.500000000000000,0.500000000000000,2.25738435074687,2.93942131406045,2.99982852815563;-3,-2.94484419116420,-2.26776695296637,-0.500000000000000,0.500000000000000,2.26776695296637,2.94484419116419,3;];
z(1:N1(komp),1:M1(komp),komp) = [-2.50000000000000,-1.97775783305952,-0.732233047033633,0,0,-0.732233047033629,-1.97775783305951,-2.50000000000000;-2.34610423000000,-1.84814287696093,-0.678635206088579,0,0,-0.678635206088575,-1.84814287696093,-2.34610423000000;-2.18752798000000,-1.71601851583747,-0.625009326689864,0,0,-0.625009326689862,-1.71601851583747,-2.18752798000000;-2.02739720500000,-1.58396431588971,-0.572371017609977,0,0,-0.572371017609974,-1.58396431588971,-2.02739720500000;-1.89725002000000,-1.47757920093933,-0.530625105522060,0,0,-0.530625105522058,-1.47757920093933,-1.89725002000000;-1.81579952500000,-1.41140679364654,-0.504943461014201,0,0,-0.504943461014198,-1.41140679364654,-1.81579952500000;-1.79810366500000,-1.39707032652933,-0.499407483081576,0,0,-0.499407483081573,-1.39707032652933,-1.79810366500000;-1.86229489000000,-1.44914331073229,-0.519562829196544,0,0,-0.519562829196542,-1.44914331073229,-1.86229489000000;-2.02946843500000,-1.58566405478547,-0.573042694751647,0,0,-0.573042694751644,-1.58566405478547,-2.02946843500000;-2.22207445000000,-1.74468412191489,-0.636560455099228,0,0,-0.636560455099225,-1.74468412191489,-2.22207445000000;-2.37967168000000,-1.87629363656038,-0.690190507263266,0,0,-0.690190507263263,-1.87629363656038,-2.37967168000000;-2.47071980500000,-1.95298660664699,-0.721911069785879,0,0,-0.721911069785876,-1.95298660664699,-2.47071980500000;-2.50000000000000,-1.97775783305952,-0.732233047033633,0,0,-0.732233047033629,-1.97775783305951,-2.50000000000000;];
lift(komp) = 0;

% fuselage below wings
komp = komp+1;
M1(komp) = 8;
N1(komp) = 13;
x(1:N1(komp),1:M1(komp),komp) = [-1.83750000000000,-1.83750000000000,-1.83750000000000,-1.83750000000000,-1.83750000000000,-1.83750000000000,-1.83750000000000,-1.83750000000000;-1.71227731500000,-1.71227731500000,-1.71227731500000,-1.71227731500000,-1.71227731500000,-1.71227731500000,-1.71227731500000,-1.71227731500000;-1.34514334500000,-1.34514334500000,-1.34514334500000,-1.34514334500000,-1.34514334500000,-1.34514334500000,-1.34514334500000,-1.34514334500000;-0.761117490000000,-0.761117490000000,-0.761117490000000,-0.761117490000000,-0.761117490000000,-0.761117490000000,-0.761117490000000,-0.761117490000000;0,0,0,0,0,0,0,0;0.886340175000000,0.886340175000000,0.886340175000000,0.886340175000000,0.886340175000000,0.886340175000000,0.886340175000000,0.886340175000000;1.83750000000000,1.83750000000000,1.83750000000000,1.83750000000000,1.83750000000000,1.83750000000000,1.83750000000000,1.83750000000000;2.78866056000000,2.78866056000000,2.78866056000000,2.78866056000000,2.78866056000000,2.78866056000000,2.78866056000000,2.78866056000000;3.67500000000000,3.67500000000000,3.67500000000000,3.67500000000000,3.67500000000000,3.67500000000000,3.67500000000000,3.67500000000000;4.43611749000000,4.43611749000000,4.43611749000000,4.43611749000000,4.43611749000000,4.43611749000000,4.43611749000000,4.43611749000000;5.02014334500000,5.02014334500000,5.02014334500000,5.02014334500000,5.02014334500000,5.02014334500000,5.02014334500000,5.02014334500000;5.38727731500000,5.38727731500000,5.38727731500000,5.38727731500000,5.38727731500000,5.38727731500000,5.38727731500000,5.38727731500000;5.51250000000000,5.51250000000000,5.51250000000000,5.51250000000000,5.51250000000000,5.51250000000000,5.51250000000000,5.51250000000000;];
y(1:N1(komp),1:M1(komp),komp) = [3,2.94484419116420,2.26776695296637,0.500000000000000,-0.500000000000000,-2.26776695296637,-2.94484419116419,-3;2.99677432588772,2.91950800354778,2.22229623250474,0.500000000000000,-0.500000000000000,-2.22229623250473,-2.91950800354778,-2.99677432588772;2.99078080844386,2.89926387098834,2.19022865871751,0.500000000000000,-0.500000000000000,-2.19022865871751,-2.89926387098834,-2.99078080844386;2.98233854242454,2.87818969027078,2.15957821448704,0.500000000000000,-0.500000000000000,-2.15957821448704,-2.87818969027078,-2.98233854242454;2.97404464946373,2.86073985381034,2.13580669701527,0.500000000000000,-0.500000000000000,-2.13580669701526,-2.86073985381034,-2.97404464946373;2.96869390376826,2.85044517470055,2.12234444747409,0.500000000000000,-0.500000000000000,-2.12234444747408,-2.85044517470055,-2.96869390376826;2.96891028553637,2.85085028106503,2.12286706749198,0.500000000000000,-0.500000000000000,-2.12286706749197,-2.85085028106503,-2.96891028553637;2.97691554896254,2.86653892573407,2.14356573682041,0.500000000000000,-0.500000000000000,-2.14356573682040,-2.86653892573407,-2.97691554896254;2.99111060362369,2.90020561862477,2.19165708884809,0.500000000000000,-0.500000000000000,-2.19165708884809,-2.90020561862477,-2.99111060362369;2.99860774962653,2.92873035245070,2.23802240348046,0.500000000000000,-0.500000000000000,-2.23802240348046,-2.92873035245070,-2.99860774962653;2.99999631884266,2.94406535196282,2.26624948867650,0.500000000000000,-0.500000000000000,-2.26624948867650,-2.94406535196282,-2.99999631884266;2.99999579837536,2.94567030330317,2.26938670872142,0.500000000000000,-0.500000000000000,-2.26938670872141,-2.94567030330317,-2.99999579837536;3,2.94484419116420,2.26776695296637,0.500000000000000,-0.500000000000000,-2.26776695296637,-2.94484419116419,-3;];
z(1:N1(komp),1:M1(komp),komp) = [-2.50000000000000,-3.02224216694048,-4.26776695296637,-5,-5,-4.26776695296637,-3.02224216694049,-2.50000000000000;-2.62695655000000,-3.12927022873184,-4.31209704141362,-5,-5,-4.31209704141362,-3.12927022873184,-2.62695655000000;-2.71450166500000,-3.20251895160917,-4.34204426690837,-5,-5,-4.34204426690837,-3.20251895160917,-2.71450166500000;-2.79664012000000,-3.27085264291547,-4.36970589933283,-5,-5,-4.36970589933284,-3.27085264291547,-2.79664012000000;-2.85930916000000,-3.32274378917835,-4.39053866662388,-5,-5,-4.39053866662388,-3.32274378917835,-2.85930916000000;-2.89439879500000,-3.35170856560616,-4.40210370215454,-5,-5,-4.40210370215454,-3.35170856560616,-2.89439879500000;-2.89304198500000,-3.35058976952259,-4.40165782443898,-5,-5,-4.40165782443898,-3.35058976952259,-2.89304198500000;-2.83895333500000,-3.30591160370441,-4.38379714108234,-5,-5,-4.38379714108234,-3.30591160370441,-2.83895333500000;-2.71063703500000,-3.19929463627436,-4.34073254269869,-5,-5,-4.34073254269870,-3.19929463627437,-2.71063703500000;-2.58342250000000,-3.09267940329044,-4.29701923334170,-5,-5,-4.29701923334170,-3.09267940329044,-2.58342250000000;-2.50429019500000,-3.02587503775598,-4.26928311577034,-5,-5,-4.26928311577034,-3.02587503775598,-2.50429019500000;-2.49541654000000,-3.01835968934800,-4.26614571171237,-5,-5,-4.26614571171237,-3.01835968934801,-2.49541654000000;-2.50000000000000,-3.02224216694048,-4.26776695296637,-5,-5,-4.26776695296637,-3.02224216694049,-2.50000000000000;];
lift(komp) = 0;

% upper front fuselage part
komp = komp+1;
M1(komp) = 8;
N1(komp) = 9;
x(1:N1(komp),1:M1(komp),komp) = [-9.05625000000000,-9.05625000000000,-9.05625000000000,-9.05625000000000,-9.05625000000000,-9.05625000000000,-9.05625000000000,-9.05625000000000;-8.78150268765793,-8.78150268765793,-8.78150268765793,-8.78150268765793,-8.78150268765793,-8.78150268765793,-8.78150268765793,-8.78150268765793;-7.99908853834520,-7.99908853834520,-7.99908853834520,-7.99908853834520,-7.99908853834520,-7.99908853834520,-7.99908853834520,-7.99908853834520;-6.82812301369275,-6.82812301369275,-6.82812301369275,-6.82812301369275,-6.82812301369275,-6.82812301369275,-6.82812301369275,-6.82812301369275;-5.44687500000000,-5.44687500000000,-5.44687500000000,-5.44687500000000,-5.44687500000000,-5.44687500000000,-5.44687500000000,-5.44687500000000;-4.06562698630725,-4.06562698630725,-4.06562698630725,-4.06562698630725,-4.06562698630725,-4.06562698630725,-4.06562698630725,-4.06562698630725;-2.89466146165480,-2.89466146165480,-2.89466146165480,-2.89466146165480,-2.89466146165480,-2.89466146165480,-2.89466146165480,-2.89466146165480;-2.11224731234207,-2.11224731234207,-2.11224731234207,-2.11224731234207,-2.11224731234207,-2.11224731234207,-2.11224731234207,-2.11224731234207;-1.83750000000000,-1.83750000000000,-1.83750000000000,-1.83750000000000,-1.83750000000000,-1.83750000000000,-1.83750000000000,-1.83750000000000;];
y(1:N1(komp),1:M1(komp),komp) = [-3,-2.66506350946110,-1.75000000000000,-0.500000000000000,0.500000000000000,1.75000000000000,2.66506350946110,3;-3,-2.67980767724818,-1.77151059958910,-0.500000000000000,0.500000000000000,1.77151059958909,2.67980767724818,3;-3,-2.72009215259780,-1.83206881318465,-0.500000000000000,0.500000000000000,1.83206881318465,2.72009215259780,3;-3,-2.77559090222436,-1.92068213641310,-0.500000000000000,0.500000000000000,1.92068213641310,2.77559090222436,3;-3,-2.83349954316815,-2.02190357252180,-0.500000000000000,0.500000000000000,2.02190357252180,2.83349954316815,3;-3,-2.88303274837045,-2.11930685936724,-0.500000000000000,0.500000000000000,2.11930685936724,2.88303274837045,3;-3,-2.91833205756346,-2.19870893484869,-0.500000000000000,0.500000000000000,2.19870893484868,2.91833205756346,3;-3,-2.93844627579776,-2.25006520166868,-0.500000000000000,0.500000000000000,2.25006520166868,2.93844627579776,3;-3,-2.94484419116420,-2.26776695296637,-0.500000000000000,0.500000000000000,2.26776695296637,2.94484419116419,3;];
z(1:N1(komp),1:M1(komp),komp) = [-2.50000000000000,-1.25000000000000,-0.334936490538904,0,0,-0.334936490538903,-1.25000000000000,-2.50000000000000;-2.50000000000000,-1.27589277830335,-0.347498944220333,0,0,-0.347498944220333,-1.27589277830335,-2.50000000000000;-2.50000000000000,-1.35056934355584,-0.384440339545860,0,0,-0.384440339545860,-1.35056934355584,-2.50000000000000;-2.50000000000000,-1.46477729656189,-0.442899548569223,0,0,-0.442899548569222,-1.46477729656189,-2.50000000000000;-2.50000000000000,-1.60290475308692,-0.516616649271913,0,0,-0.516616649271911,-1.60290475308692,-2.50000000000000;-2.50000000000000,-1.74425207893505,-0.595309658971780,0,0,-0.595309658971778,-1.74425207893505,-2.50000000000000;-2.50000000000000,-1.86622554535476,-0.665773199774565,0,0,-0.665773199774562,-1.86622554535476,-2.50000000000000;-2.50000000000000,-1.94865640472749,-0.714706805617535,0,0,-0.714706805617532,-1.94865640472748,-2.50000000000000;-2.50000000000000,-1.97775783305952,-0.732233047033633,0,0,-0.732233047033629,-1.97775783305951,-2.50000000000000;];
lift(komp) = 0;

% lower front fuselage part
komp = komp+1;
M1(komp) = 8;
N1(komp) = 9;
x(1:N1(komp),1:M1(komp),komp) = [-9.05625000000000,-9.05625000000000,-9.05625000000000,-9.05625000000000,-9.05625000000000,-9.05625000000000,-9.05625000000000,-9.05625000000000;-8.78150268765793,-8.78150268765793,-8.78150268765793,-8.78150268765793,-8.78150268765793,-8.78150268765793,-8.78150268765793,-8.78150268765793;-7.99908853834520,-7.99908853834520,-7.99908853834520,-7.99908853834520,-7.99908853834520,-7.99908853834520,-7.99908853834520,-7.99908853834520;-6.82812301369275,-6.82812301369275,-6.82812301369275,-6.82812301369275,-6.82812301369275,-6.82812301369275,-6.82812301369275,-6.82812301369275;-5.44687500000000,-5.44687500000000,-5.44687500000000,-5.44687500000000,-5.44687500000000,-5.44687500000000,-5.44687500000000,-5.44687500000000;-4.06562698630725,-4.06562698630725,-4.06562698630725,-4.06562698630725,-4.06562698630725,-4.06562698630725,-4.06562698630725,-4.06562698630725;-2.89466146165480,-2.89466146165480,-2.89466146165480,-2.89466146165480,-2.89466146165480,-2.89466146165480,-2.89466146165480,-2.89466146165480;-2.11224731234207,-2.11224731234207,-2.11224731234207,-2.11224731234207,-2.11224731234207,-2.11224731234207,-2.11224731234207,-2.11224731234207;-1.83750000000000,-1.83750000000000,-1.83750000000000,-1.83750000000000,-1.83750000000000,-1.83750000000000,-1.83750000000000,-1.83750000000000;];
